4,924550 4,721530 O7V
3,111640 6,900950 G1V
3,235300 7,060180 A3I
4,836070 6,815460 K0III
4,782980 7,447390 O5V
5,227600 7,247010 VII
6,026100 4,825770 B1VI
3,759620 4,987140 G0IV
3,754350 5,111070 G2I
4,181150 5,395980 G8I
3,960870 5,046190 G4IV
4,327950 5,049000 M2V
6,455950 5,401420 G0IV
5,758100 5,330960 O8V
3,755680 4,879880 M5VI
3,093430 6,576830 B7II
4,096630 5,004460 M5VI
3,161040 7,257030 K9I
3,572770 5,505600 G8I
3,281900 5,436580 B7VI
6,127520 6,824590 B7VI
5,364350 6,894660 G2I
4,707540 7,244360 M0VI
4,783400 4,958980 O2V
6,049480 7,304650 G7V
5,713520 4,679510 G0IV
4,326390 7,215100 A2II
4,445600 7,463250 M3I
5,440730 6,901870 G7VI
4,084790 6,836730 M5V
4,005380 4,811850 B8I
4,915160 6,654200 A8I
4,851470 7,104240 K1I
3,892390 7,357130 M3III
5,392330 4,598040 G3III
4,149190 5,157100 F1IV
5,276660 6,889020 VII
3,368540 5,201060 VII
6,234030 5,134990 O6V
4,309830 4,820610 G6IV
6,750800 5,219410 B2VI
3,046090 5,406590 M0I
6,258860 7,503460 M3VI
5,556810 7,547470 G5III
3,795090 6,720120 G4IV
5,678940 5,359160 O9I
4,557770 6,802140 G7III
5,203740 7,056690 VII
6,674280 5,375370 K4III
4,186530 7,185350 K3II
2,842120 6,745500 O5V
3,346040 7,544000 VII
6,605160 4,818800 M2VI
2,759900 6,847260 B8II
5,531130 7,483560 B8VI
3,793050 7,167520 O4V
2,768250 6,689000 K7II
4,702240 6,821980 G0II
3,246380 7,017130 A1II
4,408820 5,218110 K2III
2,916050 6,985720 K6III
6,403030 7,545550 VII
4,350600 6,792840 G1IV
6,545100 7,373370 O2VI
3,306240 7,449490 VII
4,756360 4,985740 G9VI
4,479640 6,702410 A1VI
3,568930 7,030370 O7I
6,407690 7,476440 VII
3,349880 7,213010 G3III
4,330390 7,107950 VII
4,695510 7,232240 B5II
6,439320 7,114480 B7VI
5,854950 7,536880 A0II
6,270350 6,699920 M3VI
3,128590 7,546000 O7V
6,312810 7,368970 M0VI
6,061700 7,518100 B1VI
4,415450 5,319080 A3III
5,160070 4,767550 G0VI
4,572450 6,703320 A4I
2,699780 7,470210 O8V
4,201190 5,522010 G5VI
3,677620 6,959180 VII
6,077990 6,657920 B5I
3,305440 6,859720 B4I
5,796570 5,149230 G0IV
5,336130 4,667880 G7IV
6,332900 4,609760 A1II
3,723670 7,162840 K2V
3,156300 5,401370 F6I
3,680460 4,922030 B8VI
5,545570 4,709250 VII
4,884840 7,539140 VII
4,600240 6,906950 A3I
3,482110 4,985860 O4V
5,394860 7,061700 G5IV
6,355930 4,914520 F5II
5,455430 5,457580 VII
3,488570 6,566800 A9I
4,969360 6,802180 K9V
6,435820 6,775800 M4II
5,387820 6,881970 K3III
3,434920 4,931460 VII
2,572230 7,349930 F0III
5,612340 7,039800 B3IV
4,294660 4,783080 O7I
5,488290 6,808900 K9III
5,405850 7,433850 K9III
2,897310 5,136590 M4VI
5,548710 6,568630 M3I
3,614530 7,032000 O7V
4,104180 4,635580 M1VI
4,377590 7,327890 VII
3,508320 6,928590 A9II
3,991900 4,926590 G5III
6,715880 4,659890 G8II
6,263550 6,659040 VII
5,662580 4,798220 B0VI
6,201980 5,480150 F0IV
5,434140 7,155890 O5I
5,277550 7,095190 VII
5,232140 6,716290 G5III
6,016970 7,541640 B6VI
3,503040 7,487850 VII
6,162910 6,822490 O9V
3,057300 5,400930 VII
3,652760 4,728110 B2VI
6,357950 7,304910 G3II
5,147120 6,709130 G2III
4,741660 7,442570 K2VI
6,530240 6,715670 K5III
3,199360 7,496700 O8I
4,363790 5,278590 VII
6,226370 5,419270 VII
5,024900 7,432880 M2VI
4,514940 6,815670 F0IV
3,112610 6,748050 K6III
3,909700 5,182270 A9II
5,379470 5,046360 M0VI
4,420700 5,389410 O3I
4,148010 7,188550 O3V
6,866270 4,703790 A0III
4,810240 4,593190 O8VI
6,494240 5,342000 VII
5,583490 6,930480 A4I
4,958470 7,438390 VII
4,303040 6,903540 G0IV
5,716540 4,753750 G3III
4,858400 4,737520 O8I
6,671170 5,349850 G7III
4,575620 7,494650 A9II
6,850780 4,808580 K8III
3,813880 5,198810 VII
3,004880 5,131120 O7V
4,351550 7,274400 G9I
6,281170 7,271800 K3I
2,980060 6,801950 B5I
5,222170 7,335490 VII
3,850670 7,388420 F2II
3,158210 6,717560 A1IV
5,194230 6,685260 F1III
5,817030 5,059950 A4I
5,157980 7,515190 G3V
3,254710 5,390360 O4VI
5,443970 5,248420 K9V
4,661480 7,356640 O1V
2,613440 7,288130 VII
3,202960 5,509810 K5III
3,740440 4,646920 K0III
5,712360 7,262330 B8I
3,715900 4,607400 B6III
5,963190 5,365510 G4IV
4,132610 6,726380 A0I
5,602060 5,504350 F8IV
4,857020 5,383330 K6II
4,793160 7,408940 G8IV
3,110830 5,329520 M3III
5,043530 4,884120 O2V
5,639730 7,456130 VII
4,264740 7,163950 O5V
4,709410 7,483620 B6I
6,096700 4,913180 G2VI
4,153830 5,392040 M3II
6,170650 7,097870 VII
3,554600 4,889480 B8IV
4,267510 5,510840 VII
3,771110 6,966160 K2III
3,644540 7,321690 G8IV
3,439420 6,748660 G5IV
4,950520 5,369720 VII
4,493890 4,738090 O9V
5,001810 7,020670 A4VI
4,522710 6,890390 G7II
3,316180 6,785640 M4VI
4,187500 7,470760 VII
4,772450 5,253050 F1V
5,403470 5,298510 B5II
3,189190 5,215070 O4I
2,994450 6,701570 M1III
2,707470 6,682140 G3VI
4,329420 6,920120 B3VI
3,952560 7,315080 B2VI
5,696090 7,083030 VII
3,218230 4,880300 G1V
5,101460 5,120800 G6III
5,490180 6,636940 K8II
2,778430 6,602450 G1IV
6,541500 5,124570 G4II
4,396690 7,064800 G5III
4,236110 6,960130 M2VI
6,091550 6,616160 O3VI
3,261690 5,340110 G3IV
5,377130 4,625640 O9I
5,675650 6,793350 G2III
2,683540 7,023650 O9V
3,458390 7,182990 O5V
3,103010 4,727770 K6III
4,396330 4,886870 O5V
2,681090 7,319500 G6IV
4,763120 5,078520 B9IV
6,590620 5,449130 K8I
6,072330 7,557130 G0II
6,023770 7,061430 O6V
4,105430 6,778880 M5I
5,857590 5,176910 F4IV
6,114020 6,870120 A6I
4,961010 4,672890 G4II
4,297730 5,233820 VII
3,440870 6,881020 B4II
6,559280 7,152680 A5V
2,910340 7,381380 O8I
5,217960 5,502620 O2I
5,191850 7,308480 A0I
6,048580 4,647000 B6II
6,397390 6,828750 K8III
5,477150 6,821720 VII
3,406170 4,938910 O4I
6,554160 5,512880 G2IV
4,040280 5,288670 K1IV
6,395220 5,447870 B1II
3,000820 5,006690 O7V
4,813790 5,349530 M1III
5,622090 5,017970 K2VI
6,002250 7,528690 G0VI
3,141400 6,575710 M3I
2,982000 7,255560 K0III
5,618570 4,986080 B2VI
4,587050 7,300280 O6I
3,091750 5,222460 B2V
2,766870 7,241020 G9III
4,795020 7,300100 A9IV
5,541620 7,140680 K3IV
4,447260 5,357450 B5II
6,441920 4,654810 A8III
3,905460 7,351760 O2V
2,972160 4,738620 O6V
2,570500 6,959940 G5III
3,540940 5,449620 F8IV
3,132280 7,308600 G4IV
2,854250 6,778090 F8I
5,830790 4,792290 B0VI
3,249730 5,342090 F8III
4,733690 4,749950 O3III
3,432650 5,236450 G3IV
5,684200 7,442920 F2IV
4,493740 7,091500 O6VI
3,022360 4,687800 G0II
3,000930 6,849200 M3III
3,449940 6,915430 VII
2,902980 6,575200 K8III
6,029440 6,783840 M2I
4,314550 7,369960 O7I
6,325670 4,750330 VII
4,729450 4,787170 K3VI
3,246570 5,294830 F1IV
6,101190 7,402570 K3III
3,753600 7,065730 G9IV
5,177730 4,862630 F4II
4,694380 6,741620 B8VI
6,477300 6,786380 G6III
3,020890 4,882850 VII
5,387640 5,372950 G1VI
2,921620 7,266070 G7III
6,539480 6,995230 M5IV
5,374680 4,689110 M4VI
6,256040 7,500650 G6III
4,766590 4,682800 A2I
3,161220 4,606400 O2V
3,716810 4,651500 B2II
5,857980 4,977050 G6IV
3,652910 5,300550 M3I
3,801380 7,320620 B9II
6,167140 7,490460 A1I
5,364690 5,330970 O8VI
3,952880 4,784100 K0II
4,020470 7,498320 K6III
3,640520 5,338850 B1VI
3,780880 5,278970 G6IV
5,687170 5,142450 A4I
4,408360 5,498400 G9IV
2,943150 5,039830 VII
4,515450 7,051200 VII
6,074060 5,259470 B6V
4,099340 7,055770 VII
4,314180 5,004630 K3V
5,982900 6,655790 B4VI
4,754120 5,016980 O8I
6,334700 4,701240 M2III
3,009680 4,784890 B1I
4,661500 7,455790 K6V
4,648890 7,235670 B6I
6,255530 7,512170 VII
4,019420 5,179850 F5II
5,463400 5,168350 B2II
4,398170 7,270760 M3III
5,629930 6,631790 G2IV
4,915390 7,213320 G7IV
4,551560 7,482800 G6IV
4,468040 7,039370 G7II
4,050360 4,648830 G3V
3,473810 4,962640 O1V
5,820360 6,899290 G5IV
6,557650 4,636320 K2III
4,040840 7,552240 G3IV
5,490110 6,635200 VII
2,886480 6,748480 M1II
3,745310 6,905470 G9I
3,520810 7,448640 M0I
5,891600 7,319280 O5VI
5,605180 6,815930 VII
5,933430 7,003870 B8I
3,783400 7,520670 M2III
5,233120 4,783780 VII
5,478880 6,966760 O3V
6,108210 5,048120 VII
4,292400 5,017870 M3VI
4,789870 5,530370 VII
5,889260 7,114070 M5VI
3,907390 6,867040 VII
3,778330 4,755740 G8III
5,394380 6,769450 M1II
5,622110 7,345880 A7II
3,698550 5,455490 K0VI
4,182140 6,844100 F7I
3,152230 7,485310 O6V
3,053000 4,977830 K0III
3,566470 7,018270 F3VI
5,039380 6,669210 VII
3,979250 6,602660 G5IV
2,989450 7,119890 O3V
4,522060 4,946340 M3II
6,043890 7,469670 F9II
4,019340 7,519670 F1II
3,581520 4,776080 F7V
3,484750 5,194890 B4II
4,315260 7,377570 K7II
3,491600 7,473510 G1IV
5,940980 5,121060 K9I
4,686050 6,861180 K9III
3,264550 7,544290 VII
5,997900 7,218440 B5VI
6,725660 5,333590 G7III
5,612450 5,073730 A9II
6,401690 7,239460 K3I
3,269030 7,065990 A6IV
5,371220 7,481600 A4II
3,734300 7,200170 G4IV
5,019380 7,267000 O3V
3,599020 7,088140 F3IV
5,745080 6,577990 O4I
5,916770 5,254340 O7I
5,335240 4,757040 G6I
5,950430 7,164120 A9V
4,169810 5,137800 M1V
3,489100 7,027270 VII
3,878050 4,666560 M1I
5,282130 4,764060 O7VI
4,295150 6,787660 O9I
6,172070 6,774000 K6II
5,926480 6,817890 K7III
4,895120 4,603580 O6VI
4,308710 4,935400 G8III
4,886750 7,540000 O6I
5,171840 6,745780 A2I
6,821220 5,217750 A2II
2,679470 7,138450 G7V
4,138090 5,277370 O4V
3,078490 5,304190 K9I
5,554540 5,290840 VII
5,727930 4,788550 K9VI
4,622480 7,153110 F5I
4,611300 4,954930 K1III
4,007900 4,757730 M0I
4,186840 5,297410 M0I
3,333430 6,713820 G7I
6,555630 4,734580 VII
5,605540 4,642920 O4V
5,664540 4,689550 K2II
6,050870 5,195440 M1V
6,260990 5,326960 M1III
6,506620 4,786290 F0II
4,525440 6,771440 A7I
3,473140 4,962440 F4I
4,076110 6,721510 M3VI
5,262930 6,777380 A2I
4,637460 5,458360 K7III
5,421160 6,866610 K0III
6,206340 4,615600 B3VI
3,259470 6,646730 B3VI
3,288020 5,538310 M4IV
4,971220 4,809770 A6II
5,385410 7,432770 G2IV
2,807250 7,135050 VII
4,357310 7,531860 VII
5,105870 5,280300 F2I
5,651650 7,033240 G0V
5,478540 7,147930 G1I
4,441100 6,833700 O8V
6,723950 5,281660 B3VI
6,686970 5,236880 K9I
4,418330 5,372230 K5III
5,503430 6,701780 F2II
5,553860 6,921580 O8V
5,100710 7,130340 A4V
4,526110 6,897830 K8III
2,834070 6,974590 G9IV
5,310550 7,124620 B9II
3,387380 5,096930 G0VI
5,118920 6,563680 G6IV
4,966720 4,965830 F9I
5,250600 4,934730 O7V
2,571750 7,080930 B5VI
3,299050 5,320030 B5II
4,163230 5,427770 VII
4,189650 5,173140 K8III
6,121580 7,009000 K9V
4,985870 5,124520 A7I
4,667290 7,297740 O6V
6,815580 5,521710 O5I
3,670500 5,546450 B0VI
3,520820 4,935130 K6III
3,650770 5,350350 M2VI
6,254460 4,739600 K5III
5,653850 5,193570 K8III
2,667990 6,688730 G3IV
4,301020 7,420860 K1V
6,228150 7,395700 G1V
3,920290 6,749300 M4III
5,325190 5,353520 G1V
2,673990 6,902070 VII
2,781190 6,931970 M1II
4,740830 7,539690 VII
5,327820 5,369250 K6V
4,150780 4,606910 M0III
3,460310 7,476340 M3VI
6,011770 6,665460 K0V
5,868150 5,111060 K2VI
3,275360 7,334640 B1III
5,621170 4,734600 O7I
4,309840 4,659510 K6III
4,937120 6,878890 O9V
4,167160 6,704010 O6I
5,464130 6,597390 G0IV
5,441960 4,821990 K9III
5,941420 4,909710 K0V
6,002300 4,718520 K3III
5,714710 6,773930 K4III
3,033380 7,411090 G1IV
2,922160 5,096030 F8IV
2,677960 6,816230 G5VI
5,619320 5,144620 O6I
3,051410 5,463700 F7II
6,076780 5,353970 M5V
2,663620 6,813900 K6II
6,136570 5,539260 G1I
4,500670 7,118950 F6I
5,844160 5,035630 B7II
3,437650 6,954950 O2I
4,905290 7,102490 VII
3,535270 5,265220 M0III
4,316640 5,349040 O7V
3,884260 4,651400 VII
4,964330 6,814120 VII
5,307270 6,732890 K6III
3,516840 7,487890 O6I
3,720290 5,143720 O3I
5,256610 6,922280 G1IV
6,264480 7,363570 VII
5,359560 5,488380 O2V
3,151630 4,937050 O7III
3,839930 4,977390 VII
6,178320 7,103500 O1V
3,285680 5,523470 A2II
5,585190 4,924100 G7IV
6,426290 6,990010 B0VI
3,460850 4,663170 G6II
5,209110 6,626700 B2VI
4,535880 6,992660 K4IV
6,443560 5,202130 B5II
2,887070 5,172780 A0I
3,608090 7,294630 A7I
4,350570 5,317080 O2V
2,684740 7,013570 VII
4,473580 7,555230 G5V
4,271880 6,861860 G9IV
5,354020 4,827770 VII
4,883010 7,493410 K8V
6,398080 7,343770 VII
5,084660 4,987820 F1IV
2,714410 7,275150 G9III
6,345420 4,960290 G6IV
6,317900 5,296630 G2IV
6,310440 6,990930 B4VI
3,614890 5,309000 VII
6,330120 4,649550 G3IV
3,493900 7,194970 M2II
3,490570 4,931320 K9V
6,050730 4,850460 B8II
6,546740 7,157840 M1IV
4,396690 6,604800 G2IV
3,142170 7,017630 K9V
6,086850 7,307840 K3III
4,182360 5,346060 F0II
4,503960 4,597310 G5I
6,307860 4,709850 G4IV
3,421410 7,439690 M1III
3,659380 7,378830 A7I
2,877310 5,346350 O5I
4,937650 6,808190 F7II
6,631710 4,794240 B5VI
5,611480 4,861430 A2II
2,622800 7,466760 M1III
4,658590 6,949590 M1IV
5,009980 5,074200 G9VI
3,417280 6,963960 K0VI
3,041780 5,193160 K9III
6,602180 4,874770 O6I
5,151620 7,555520 M4V
3,401060 4,775000 G8VI
3,240320 5,331420 G4VI
6,558960 7,318800 K7II
4,575710 5,554850 O4V
3,360600 7,398010 G7IV
3,241560 7,113290 O3V
4,477810 7,284630 A0V
3,214460 4,710770 M4I
3,557340 6,786690 B9III
6,181180 4,735000 K7III
5,701150 7,119800 M0VI
4,689320 5,389270 O9I
3,592490 5,464830 M1III
6,223620 4,584690 K4III
6,056240 7,291820 M2VI
3,362900 4,696410 K5III
6,229710 4,652600 VII
6,111290 7,163830 K3V
3,267820 4,963830 O5V
4,104330 4,864020 M1V
4,311490 4,821240 O7V
3,600000 4,688130 K2III
2,852910 6,818280 B0VI
3,204910 6,581440 O9VI
3,688430 7,020490 F2II
2,701070 7,538900 K0II
2,903830 6,649470 K4III
3,720070 4,674710 G2IV
2,579470 7,276090 K6V
5,939960 5,387980 K0III
5,389780 5,060160 K1III
5,359110 7,539860 K3I
3,426050 5,260400 O7VI
3,719950 4,765450 M0I
5,065860 4,987130 A5I
4,272960 6,758680 F9II
5,753380 5,128810 VII
4,041620 6,942960 VII
6,393950 5,217740 B6I
4,217510 6,705770 M2I
2,632650 7,183850 B4I
3,011510 5,226810 VII
4,921580 6,708910 O7VI
6,330580 7,329570 O2I
5,926360 5,479820 K4III
5,337330 7,320230 VII
3,707110 6,848150 O4I
4,448690 5,454920 K9II
3,067360 7,039270 K0III
3,461300 5,367150 VII
2,941830 7,106920 B8VI
3,811160 5,323520 VII
3,938050 5,122840 G5IV
3,156620 6,756970 K5II
5,090100 5,288560 VII
4,034450 6,614040 VII
3,056140 7,018850 B7II
4,653000 7,489870 G3IV
5,485750 5,380240 M1VI
4,789380 5,355270 A5II
2,910670 7,523900 B7I
6,069190 7,163700 G0VI
3,864400 5,496430 VII
6,432480 4,918890 VII
6,010140 7,127490 O9I
4,112440 5,468610 G8IV
5,238520 7,178720 G8IV
3,320240 6,974610 VII
3,187470 7,192830 K5III
4,052310 5,259420 VII
5,413050 5,535250 O5I
4,895020 5,495610 VII
3,779400 7,070480 G9II
6,010570 5,119090 G4IV
3,163150 6,640040 G4II
3,680400 6,637520 K3III
4,898710 4,729200 O3V
3,456980 7,341500 O9VI
3,061110 7,166470 B9II
3,574770 5,074650 A2III
3,616470 4,757400 K1IV
3,890680 4,838010 O6V
4,468370 4,631270 O5V
4,149210 4,650060 K9III
5,038990 6,686750 F6V
5,667100 4,752430 O2V
5,078280 5,004630 VII
4,199910 7,477110 K9II
4,238270 7,514540 B6VI
3,371120 7,328590 G8II
3,946950 7,464340 O3V
6,464950 6,920080 K8V
3,756890 4,575200 M1VI
4,611130 7,412780 B9VI
3,674110 7,111610 A5II
4,954730 5,494820 B6VI
2,837680 6,994200 A6II
5,807320 7,477070 F5I
3,748180 7,294760 K7I
5,984540 7,225290 A3I
5,973450 6,652430 M2I
6,486990 6,628780 B9II
5,473790 7,179530 K8III
5,110410 5,127800 K2III
3,811890 6,663820 VII
3,612760 7,290660 O6V
5,246030 7,183820 O8V
5,866950 4,958740 O8I
3,929840 7,333870 A6III
4,763940 7,313670 K8V
6,327210 5,153060 G7IV
2,840230 7,534980 M2V
4,864700 5,412690 O4V
3,740150 5,471880 K5VI
4,240980 7,127630 O8V
6,395730 6,848770 B0VI
2,985920 4,567200 M4I
5,251480 7,425730 G0VI
4,868460 5,320220 O4V
5,931730 7,387040 VII
3,589690 4,903840 O4VI
4,243290 7,348060 M5VI
5,723660 6,959990 F4II
4,448720 7,486050 A6VI
3,001220 7,444750 G2VI
6,606360 5,396920 A6II
6,682240 5,146370 K1II
4,082580 6,684520 K7VI
5,512150 5,228380 G3IV
6,498910 4,858390 A9IV
5,643340 7,438160 G4IV
3,923650 4,970180 O0V
3,622630 6,930990 VII
3,242030 7,165980 K4III
3,623830 4,732750 K1III
2,943650 6,708390 K0VI
4,935840 5,278540 O4V
4,193100 5,445860 O4V
4,435600 6,718930 B6II
4,959370 5,210950 G0III
6,166180 6,771270 G6II
4,146020 5,409710 G7VI
3,793830 5,047760 B0VI
6,426000 7,452040 O4V
4,339240 4,945680 A5IV
5,159360 7,013440 F0II
4,749680 4,751620 A0IV
5,344220 6,636390 M2V
4,262980 6,717050 B0VI
5,258320 5,205200 G2IV
3,952720 5,429120 A7V
3,670080 7,054530 VII
3,238120 6,678100 O3III
6,320650 4,704880 O9V
4,983090 6,897020 M4VI
5,227760 7,075290 VII
5,430200 7,053950 M1V
3,227770 5,345540 B0II
5,033810 4,881180 VII
5,555230 6,882970 K7III
4,402660 4,652650 M5I
6,337760 5,541260 G7IV
4,103080 7,371920 G6VI
4,461780 5,512360 K2VI
5,706090 4,934350 G7III
5,731080 5,249700 O6V
4,176520 5,413880 F2II
3,932300 7,141450 B5VI
3,754460 4,661600 M2IV
4,201040 4,717490 VII
6,628190 5,235580 F5V
5,044710 6,719350 G3IV
3,645570 6,924130 G0IV
4,874990 7,148750 O0V
4,235570 5,403160 G2VI
4,004340 4,742050 F4II
6,668700 4,803960 K9III
6,126390 7,207540 O6I
6,755860 4,602630 O5VI
5,607900 7,299700 VII
3,252550 4,683200 G4IV
3,122770 6,996750 K6VI
3,270420 6,886230 A7VI
3,284060 7,067460 M4III
6,375930 7,475370 VII
3,410850 6,583190 B5II
5,173280 5,430590 A7I
4,985380 6,690630 O2V
3,755440 6,934300 VII
6,188950 7,395940 F8I
6,490460 4,999080 K1V
6,504590 7,346810 O2VI
3,469330 6,617570 F1IV
6,368790 5,197460 VII
6,802330 5,215150 O2V
6,549810 4,880900 M3I
5,064240 7,056020 O2V
4,594680 5,419160 K2III
5,556150 6,643110 VII
2,963130 7,118680 A2VI
5,787150 4,656270 VII
5,316460 7,093790 F4II
2,953230 5,505060 VII
5,356060 6,929720 O6V
3,885870 6,832380 B4I
5,678890 7,282890 K2III
5,487320 5,209790 VII
5,391540 5,134760 G5I
3,355100 6,757300 K5III
4,697670 6,653580 VII
5,980580 6,596240 F5IV
5,191550 7,219620 VII
5,472540 6,673470 K9III
5,873090 6,652950 K2III
4,533460 4,930750 B7VI
5,168880 5,553470 O4V
3,946820 7,502830 K6I
3,688170 7,275440 K4III
6,558290 6,787820 A6I
5,729440 6,647890 F2I
5,837500 6,785190 K6VI
6,149330 7,194190 M3I
3,755100 6,580520 VII
3,502220 7,109240 VII
6,867140 5,229310 O9VI
2,807300 7,353440 G2IV
3,183370 6,742230 M5IV
3,064640 6,975840 G1V
6,375040 5,244090 VII
5,143300 4,796320 VII
5,940390 5,435970 K3III
5,011190 6,592800 VII
6,706870 5,099200 B4VI
6,283730 5,065520 M0III
3,482660 6,793300 K2V
6,239610 5,217660 G3IV
2,938720 4,912930 G9I
5,381000 6,665800 K1V
4,306600 5,527970 G7IV
6,376740 7,540250 G2II
3,867010 6,710830 G1IV
3,311730 4,797360 B3II
6,085790 7,331270 G5IV
6,446030 7,302540 VII
4,413750 7,235890 VII
4,918220 5,283570 G8IV
6,428390 5,411000 O3V
3,273830 4,815060 M2V
5,372860 4,857020 M2I
5,992600 5,113060 M0V
5,581250 4,985060 K8III
3,537290 6,968460 VII
4,821920 4,623820 M2II
3,209240 4,613360 O7V
5,905070 7,498160 B4VI
2,944750 7,134530 B6I
2,984430 7,417080 K4III
5,393940 7,247830 K2III
3,420470 6,672390 K9III
3,333850 6,937640 O4V
4,179140 5,018190 O6V
5,107240 7,116680 K3VI
3,652650 4,864030 G2II
4,537600 6,815770 F4IV
5,948000 5,295700 O3I
5,291220 6,987350 K8III
5,937120 6,985120 A9V
3,543030 6,710570 VII
5,753050 4,826540 O3VI
3,072950 5,026030 K4I
3,239970 6,576800 B9II
3,210830 7,488660 VII
4,323240 7,163890 F3I
3,456480 7,358590 K4I
5,886980 5,282820 VII
4,850130 4,618490 M1V
3,568370 6,982880 G2IV
6,020190 7,497880 VII
4,652040 5,073260 F3V
2,791630 7,233300 VII
4,655980 6,966340 F3II
6,085950 7,253390 VII
4,446510 5,044920 F8I
3,142280 4,922760 K2III
3,814190 6,660530 O9V
2,977850 7,079790 K4I
6,608360 5,042640 F2I
5,311050 4,885140 VII
6,616600 5,284900 M5III
5,027040 7,506580 K2I
6,284370 6,951640 M4VI
3,548190 5,425130 O7I
4,704430 5,193690 VII
3,616790 6,968910 F4I
3,686390 6,669990 F7III
6,152450 7,283630 A9I
4,570030 4,682000 O3V
2,856940 7,201780 K1III
5,000370 5,039460 K1III
4,058000 5,459400 O3I
3,341530 4,713020 O5III
6,105190 7,150130 K8VI
3,865630 5,156580 VII
6,461370 6,820950 A6II
2,992660 5,319390 G9I
3,959650 6,761440 F2I
3,885470 4,996700 O7VI
3,625570 7,271020 VII
6,521680 6,914050 K7IV
3,654810 7,307330 M3I
6,080270 7,208340 O6V
5,080690 4,987180 M3I
3,553580 6,888750 B7VI
5,704950 7,276050 O2III
3,233380 6,694530 A4I
5,057600 5,222460 G4IV
6,518710 7,075460 VII
5,762570 7,150460 K2V
6,351240 7,241110 A5I
3,983560 5,314720 G1I
3,108080 4,683870 M4VI
2,585650 6,611110 M3III
5,887010 7,392140 M1I
5,414100 5,031650 G5IV
4,155610 7,018990 O8V
5,952170 5,480730 VII
3,531890 4,887510 G3IV
2,958210 7,256530 B9I
4,454650 7,256080 O9VI
4,690480 6,750510 B6II
4,844310 7,033470 VII
5,131100 5,447770 O7V
4,278500 6,815720 B2VI
4,921060 7,413170 K3III
5,457140 4,793070 VII
6,774720 5,137690 G6V
6,125990 4,601650 M1II
2,616660 7,246900 G4I
5,880690 5,474160 F3IV
4,870900 6,979370 G8V
5,305050 5,342670 K0V
6,872060 5,136500 A7II
5,258520 7,017930 A0II
5,822090 4,971950 K7VI
6,571770 5,532180 K0I
3,570230 6,627270 B7II
2,929070 7,455860 F9I
5,662300 7,049250 VII
5,214570 4,714440 O3V
3,065050 7,022550 K4V
3,396790 7,423530 K3III
6,782560 4,835430 K2III
5,109780 7,211350 G2II
4,927690 5,173560 F1II
2,648210 7,030690 K4V
3,344080 4,619010 F6IV
5,018660 6,723000 G8IV
4,165440 7,043740 VII
4,419110 4,829140 G9IV
5,341910 7,014790 VII
4,249720 6,663280 A2IV
6,500310 7,072140 VII
4,843520 7,360750 O5V
5,407000 5,055720 K6II
2,735600 6,775860 B8I
4,319030 4,941590 A9VI
6,561600 6,615440 VII
5,890770 4,869890 G9VI
3,307010 7,268950 K6V
3,606420 4,816170 F6II
6,691880 4,926630 VII
3,427440 4,561530 K5III
4,282400 7,027740 K8V
4,049210 5,232820 K1III
4,210950 7,072440 G7IV
4,214730 7,086840 K1III
5,722620 6,827710 B4VI
6,255110 7,402420 F3V
5,908080 5,506180 M1V
3,668520 7,508580 O1V
6,499670 7,254270 VII
3,128750 6,996690 B2VI
2,865290 7,271870 O8VI
4,326250 4,935980 A7II
6,157880 7,426870 B0VI
5,131900 5,107780 O0V
4,444230 5,096030 G6V
6,195750 4,790330 G3IV
4,109750 7,080690 O1V
4,486500 7,237190 K5I
3,609390 6,708120 M1I
3,777720 7,085990 M0VI
5,111710 7,520140 K3V
4,671630 6,622810 K0III
3,134620 4,632900 G0V
5,625910 7,315700 O0V
6,400600 5,392920 VII
5,781400 6,911610 B8II
5,083660 6,879310 F6V
6,591030 5,068790 M5VI
3,832250 5,258370 O4V
5,901140 6,833430 F7IV
4,542500 5,082590 A5II
6,373500 5,552540 O1V
3,508670 7,060750 G5VI
3,629820 7,200980 VII
3,660380 4,901580 M0VI
6,198970 7,026660 G3IV
5,434130 6,828550 O9VI
6,740090 5,056240 VII
5,439760 6,732010 G8IV
4,293820 7,381530 O8V
3,889480 6,946680 VII
3,475640 4,775900 G4II
4,707570 4,751740 B8II
3,327460 6,980980 O9VI
3,682900 4,846090 VII
5,583490 5,158450 VII
3,207580 7,362350 VII
4,428670 4,870320 M2III
5,977970 6,917080 F1II
5,224490 4,839950 O8V
3,091760 4,958940 VII
4,991300 5,082800 F1II
6,021470 6,783970 F3II
5,518540 5,068650 A3II
4,487220 4,789430 O3VI
5,369050 5,365390 VII
3,583210 6,750470 K0III
3,221610 4,975030 B4VI
5,550640 4,880530 O5I
5,385450 7,534510 VII
4,794200 4,982340 O4I
6,635880 4,766760 VII
2,822470 6,573370 VII
6,394930 6,958060 F9IV
6,248960 6,784640 O4I
2,629430 7,176090 M3II
4,714800 7,338420 O3III
3,349090 4,900500 G4IV
4,157980 6,840840 O6I
4,703440 5,385970 VII
5,671180 5,462830 M4II
3,291650 5,161380 O6VI
2,655100 6,700460 O9VI
3,289930 6,780090 VII
3,863170 7,381360 K7IV
4,601950 5,302590 O7V
4,644450 6,731010 M4VI
5,963870 7,229090 M5II
3,683550 7,145950 K0II
4,314990 6,814260 VII
5,852830 7,276930 O3I
6,068930 6,768860 VII
5,295100 6,991320 K2VI
4,825630 7,399770 M3III
2,788880 6,984270 B9I
3,131230 4,979790 O7V
4,361630 7,552980 B8I
4,598310 4,766770 G8IV
4,790390 5,250310 O8V
2,975070 6,658930 O3V
4,588140 6,872400 B6IV
4,402990 5,405360 K7III
5,347120 4,799420 O8V
6,129510 7,220680 G3IV
4,984180 4,842360 G9I
3,540820 4,760650 O9V
3,756140 5,053090 K9V
6,521250 5,502470 B0I
4,778270 7,000090 VII
2,752510 7,445940 VII
2,715050 7,115320 G6IV
5,954130 6,838540 G2IV
5,103090 6,783030 M3I
5,147620 7,334200 VII
5,510360 7,508980 B4II
4,983050 4,722460 G2IV
5,651160 4,795120 VII
3,854230 4,876160 M0VI
4,946710 7,051440 B3II
5,772160 6,907140 VII
6,464740 5,436480 K0V
4,720310 5,020580 M0V
4,905720 7,171110 VII
3,105030 7,407840 K0V
3,545330 7,286840 M0VI
6,316910 4,728030 O5V
2,915360 5,293950 G5IV
5,246550 6,563880 G4III
3,236010 6,577910 G3III
5,411370 4,966110 VII
4,908110 6,616810 K7III
5,368010 4,870720 O9I
6,452990 5,399790 O5V
5,123480 5,030530 F9I
4,612860 7,433530 K5III
6,458780 6,859320 F1II
6,035830 7,475900 G0II
6,814560 4,982180 A3I
4,465650 6,907750 G0V
3,136600 5,172980 O2VI
6,563330 6,709220 G2VI
4,761310 6,932890 G8II
4,904170 6,906170 A9II
6,024800 5,162300 K8VI
3,134700 6,762530 F9I
3,133120 7,107040 G5IV
5,260160 5,308840 G5IV
3,861970 6,813060 A1V
4,589430 7,344660 VII
5,821500 6,749630 M3II
6,153620 4,697420 K3III
5,589070 6,827470 M1II
6,287230 7,426790 G4I
3,639830 7,246530 O5V
5,509450 5,152500 O3V
5,918510 4,991970 F4IV
5,934600 6,798110 O7V
6,546350 5,232230 K2I
4,704120 6,943280 M0I
6,043030 7,067760 O7I
3,957900 4,860740 M0I
4,999750 6,720200 M3III
3,635340 7,257110 K8III
4,338400 7,525680 O7I
3,549510 4,997590 A3III
5,518360 7,252060 O7V
4,446210 5,154900 F9VI
4,799470 7,316920 F7III
5,845720 7,026020 K4VI
3,838960 6,924200 O3I
5,853970 7,423760 M3III
6,587430 4,636750 G3II
3,500330 4,953290 O2V
2,989440 7,450380 F0II
5,491830 6,632190 K9I
4,415150 7,154960 G8II
3,434840 4,579240 K4III
5,772250 5,143970 K1II
6,463350 7,465590 K1III
5,702770 6,976390 B2V
5,017380 7,106180 A8III
6,069940 6,654680 G7IV
4,816700 5,067350 K4II
5,984350 4,652230 F8VI
4,712500 5,286230 O7V
3,887100 5,324820 M4I
3,989560 5,270800 F4VI
3,462980 5,355560 O8V
6,506690 6,797550 VII
3,608650 4,968000 K8I
6,230970 5,211900 K4III
4,844580 4,578950 G5IV
2,881920 7,520320 O4V
4,557030 6,820990 G5IV
3,584620 6,883060 B7VI
3,326990 7,342980 B8VI
4,627300 4,700130 F6I
3,847770 7,480510 VII
4,188080 5,241730 G4IV
6,232420 5,162250 B6I
5,721880 7,494790 K0III
5,292870 4,716510 O2I
6,562320 4,862250 A5III
4,367030 7,074840 K0III
5,278410 6,608610 G4II
5,757890 6,610170 G2IV
3,438090 7,140190 B0VI
4,179540 5,514460 A0I
2,838370 7,357880 M5III
6,602290 5,500440 M1IV
2,949600 4,898290 K3VI
5,553260 4,667950 O6VI
3,178390 4,942600 K2III
6,817190 4,724240 A7I
2,686040 7,053440 K6II
2,801550 7,248360 B2VI
4,730650 7,196800 B3IV
3,431610 5,397720 VII
3,180210 7,506600 K1VI
6,413610 7,292080 B4I
4,570070 5,136490 B8I
5,485100 5,367170 O3V
5,233650 7,012320 VII
4,993640 7,129580 F3IV
4,900300 7,022560 M1II
3,468560 6,916870 O7V
3,121530 4,891650 M4III
4,584820 5,521670 G3IV
5,625830 7,521980 G0IV
4,028250 7,032330 M5IV
3,208300 5,283260 M4V
3,956110 7,457410 F4IV
4,969080 7,252370 F0III
3,587200 4,715390 VII
3,138320 7,288240 M2I
5,195770 5,096220 M0II
4,170410 4,863750 M2I
4,359780 6,562470 F4I
6,386370 7,027870 O4V
2,905150 5,348330 G5IV
5,125430 7,125130 O8VI
4,322790 6,820700 F1VI
5,093560 5,198430 K5III
3,607650 5,147900 G0II
5,432700 7,455030 F5IV
5,087160 4,795930 G1II
3,967150 7,223540 G7IV
3,933590 4,591930 VII
4,748110 4,772450 G0II
3,126340 7,017320 O9V
3,017910 7,014250 G5IV
6,115390 5,232910 O8V
4,501790 5,420010 G5IV
2,699640 7,215450 VII
3,120370 6,863210 O7VI
6,049020 5,399720 O2VI
6,363530 6,841370 O9V
2,971440 7,457190 M1III
4,918320 7,451390 M2I
3,704410 5,121320 VII
3,869160 7,320360 K4III
4,377980 5,245630 M4II
