9,855030 10,551830 F8III
5,692380 5,510760 F5III
8,471730 2,297220 G2I
4,716080 5,712790 VII
10,640900 9,316930 G0IV
2,716700 5,937150 O3I
2,736240 5,418280 F6II
7,622770 2,311630 G5V
4,436430 6,318900 O5III
9,892050 10,734470 K5III
2,861520 5,970470 O4I
10,503140 11,791720 B7I
7,346080 2,278800 A3V
6,862020 2,087560 G6IV
10,453720 10,752940 VII
5,817420 1,932860 G0III
2,561040 5,348070 G3V
10,377080 8,181160 K2V
6,449950 2,231940 VII
5,647510 1,448460 O5V
9,821260 8,249180 G6IV
10,367460 9,168310 G5V
10,516780 7,905250 B8I
4,231620 6,033970 G1IV
9,973610 11,574360 O2I
8,122150 2,105600 K0I
5,853660 5,477230 G4I
5,108740 6,000400 O3I
5,224320 5,936200 VII
6,990690 1,396470 O6V
8,293270 2,229510 K2III
6,077230 1,789320 G2IV
5,336840 5,846030 K0III
10,190940 10,213580 F4IV
5,581890 6,210720 B6VI
7,963260 1,824420 B3VI
7,957000 1,619230 M0III
7,772150 1,943250 B4VI
10,686430 11,075870 K7VI
5,748190 1,786810 VII
4,009410 6,050000 K9III
9,036220 2,156810 K0I
8,999570 2,124330 B2I
5,716570 2,244830 B2I
9,755110 11,704580 O3I
10,235460 8,459080 G4V
10,390980 8,864770 O9VI
2,307200 5,986600 O9V
10,186460 7,974710 A9I
3,675670 6,118540 VII
7,900160 1,415840 VII
8,336050 2,188140 K4III
6,391540 2,073450 G7I
9,793750 9,759190 K6IV
10,683550 9,650890 VII
7,327280 1,909720 F2IV
10,352400 10,900270 M1VI
6,211130 5,913100 M3V
5,701280 1,832940 O5V
10,219620 10,912570 K4II
6,119520 5,974930 K1V
3,301840 6,334460 O5V
10,017820 9,305870 K4III
5,547570 5,814540 B7VI
10,406480 11,222210 G7VI
6,853940 1,825530 K5III
5,528940 1,799410 VII
9,941440 8,068540 K3III
7,875740 1,792680 G4VI
5,526870 1,351460 M3III
5,876810 6,045970 G1IV
10,107380 8,772060 M1VI
6,155390 6,276370 VII
3,347130 5,682610 A2VI
9,955530 9,935200 K0III
7,905950 1,578250 M0II
10,091660 9,310790 G5I
9,835080 10,018610 G3V
3,340140 5,705770 G4III
10,263910 10,410280 K3IV
4,869620 5,364080 K8III
9,782400 10,544280 K9VI
7,792870 1,673740 G8IV
10,738680 11,360010 M4I
7,339250 1,691260 G4IV
4,760100 5,397320 G9II
5,844370 1,769270 F4IV
2,480020 5,474560 O3V
10,049440 8,108370 F1II
5,768460 1,344480 F0III
10,653070 9,538050 G8II
10,747470 11,683180 K8II
3,838870 5,733020 G3IV
6,114380 1,703660 G2VI
2,718570 5,925720 M1V
4,665190 5,821660 M5V
10,194820 9,827590 K6III
7,605280 1,904800 F9IV
6,142240 6,036830 F2II
7,013640 2,164950 M1VI
10,063710 11,379560 B0VI
10,163240 9,119580 F3I
8,702120 1,550910 K2III
10,734580 10,190290 VII
9,980670 10,561970 G1V
10,631660 8,366360 A2II
8,349980 1,414010 G7IV
3,877850 5,387460 VII
10,132860 8,116890 VII
6,955810 2,031670 O6V
9,833600 8,999650 VII
10,713050 11,012260 G4IV
10,375840 11,299920 M0V
9,824370 9,239590 F4I
6,216030 1,639020 G9V
10,608810 9,451510 B2VI
5,642990 1,764890 G5IV
10,184450 10,713430 VII
6,988660 2,266100 M4IV
5,448570 5,752300 O4V
6,473800 1,559680 G8IV
8,246400 1,851170 G4V
10,675770 7,892120 O5VI
9,802060 8,944040 O1V
2,526540 5,894490 O7I
10,284770 9,450370 M4VI
10,445050 10,399040 F7II
4,361500 5,906480 K2IV
7,499580 2,233260 VII
10,492710 10,765470 G4III
4,737440 5,626160 F3I
10,035910 9,852110 VII
4,078740 5,505620 K5V
10,575210 10,413090 K0III
7,656470 2,099390 K1III
7,384840 1,950450 K6III
8,324260 2,036980 VII
10,463770 10,300410 O4V
6,881790 1,533440 A4II
10,424360 8,080360 K6I
5,690430 2,329980 K7III
10,128170 11,167730 B6II
2,765360 6,159340 F7II
10,145380 8,907160 O0V
10,637910 9,925740 B6VI
4,980180 5,620470 M1VI
6,147310 6,273070 B6I
6,200730 5,858200 O9V
4,187520 6,059590 K8IV
8,953880 2,290560 K3V
4,030970 5,639890 VII
6,300410 1,956430 B0I
10,691350 10,772570 VII
10,341700 11,546700 O8V
5,878790 1,751280 G3I
4,545490 5,443770 G9IV
6,078850 2,182970 G7IV
10,495190 10,251280 F0II
10,080590 11,209050 M1II
10,718580 8,539640 O2I
10,220220 10,442250 O4V
7,948710 2,104240 G9II
4,202350 5,815920 B9VI
10,129020 7,913940 G5IV
9,906220 8,751340 G3IV
9,194070 2,101300 O4V
5,320730 5,409670 B3I
5,954480 2,021740 G9I
8,371370 1,858170 G4IV
3,556890 5,412890 O8VI
4,309450 5,949580 K9III
6,693980 1,401270 VII
6,617420 2,025000 O2VI
9,161740 2,134250 K8V
4,859580 6,053850 K9I
6,142790 1,809730 G0IV
6,549620 1,532910 A8II
6,000020 6,204790 F9I
8,145330 1,483740 K1V
4,661490 5,959320 VII
10,431720 10,925620 K0V
7,674400 2,111080 K5I
10,487870 9,762730 M3VI
4,626020 6,024500 G4II
2,584240 5,941140 M0VI
6,126270 2,018120 G0IV
5,711320 1,408210 VII
6,055930 5,543760 VII
7,591630 1,653590 VII
9,093930 2,206490 O3V
5,038660 5,589800 M5V
6,686700 2,101670 G7V
9,756640 10,619640 B2II
6,023590 5,792810 VII
5,285930 1,829010 B5VI
5,653120 1,446060 VII
10,038350 9,223340 K2III
3,678780 5,810410 F2VI
10,073590 8,851090 B4VI
3,615480 6,051330 VII
10,040720 10,625030 B2VI
4,269370 5,780390 VII
10,155370 10,599220 K1III
10,693220 8,117980 K3III
4,223870 5,377570 G9IV
6,745140 2,098520 B6VI
6,792220 2,270020 A6I
5,427530 6,221860 VII
2,335090 6,178490 O8V
4,602850 5,829070 O2V
5,464210 1,573380 O7I
3,735790 6,269980 O6I
2,718370 5,544940 O1V
4,806150 6,127180 G4III
10,130190 11,564490 F6V
10,116630 11,410530 G9VI
10,654950 8,784650 VII
7,326130 2,115740 A3II
8,640530 1,493880 M0V
10,668340 11,307560 M5II
3,361640 6,324860 G5VI
10,024260 10,532080 B3VI
4,809710 6,098960 O0V
5,100620 5,741200 A2I
8,152200 2,197440 F1IV
10,386550 8,065980 B1VI
6,135110 6,251610 G0VI
7,451360 2,030640 M5V
10,216850 8,983680 G8VI
9,946020 8,963480 K4III
10,418020 9,551840 K4III
9,764610 9,028420 VII
10,162670 11,427740 G5II
9,921830 11,598760 O9V
6,625260 1,824450 VII
9,134050 1,747040 K9I
7,492440 1,366660 O6V
7,000990 1,858620 K6II
5,537040 6,285410 K1I
5,632130 2,073910 G8VI
10,226560 8,564970 M2III
4,499650 5,340020 K9IV
7,579500 1,853180 G6IV
2,379750 5,857890 VII
3,680020 5,535720 G8I
10,198570 8,279090 VII
4,797930 6,188730 O8I
7,812790 1,684200 M2VI
10,326410 8,015810 O6V
9,128440 2,083660 K2III
7,497180 1,378050 F0VI
8,453450 1,404060 O5V
6,180190 2,115890 M5VI
5,658550 1,826630 B1VI
6,372010 1,752230 K8III
5,894410 1,480010 K7II
5,758180 1,564610 K5II
4,007010 5,890380 F0VI
10,578830 7,930150 M3III
7,027700 1,463610 G8IV
5,690650 1,732110 G4IV
10,036270 9,186070 A4II
10,666580 9,333900 G4VI
6,151340 1,822940 G7II
10,724210 11,394440 O2V
9,759750 11,104950 M0I
10,287940 8,318950 VII
8,874050 2,035510 B8I
4,834490 6,022530 VII
9,752030 10,661770 K5I
10,434130 8,348940 VII
5,757020 2,039690 A6V
8,896400 1,638800 K8III
10,722250 11,432140 G5IV
5,533050 5,837420 M2II
5,146890 5,810880 F1II
9,806080 10,481960 VII
10,572200 8,283630 O5V
2,595630 6,062530 VII
3,736660 5,687640 M0VI
9,765870 11,459770 B6VI
9,170320 1,403610 VII
10,551490 8,997710 VII
2,519680 5,767030 K0IV
7,318530 1,726900 B5III
4,053170 6,180540 O9V
5,536140 5,443200 G9II
9,192280 1,958270 O2VI
5,505120 1,790190 O2V
3,038990 5,746710 G2IV
10,122940 9,404500 K0III
6,394060 1,355180 VII
5,888300 5,677770 B0II
3,263220 5,652980 A3V
10,698990 10,678440 VII
3,478930 6,064330 O6VI
10,244210 11,066450 G8IV
9,935500 8,908440 F8I
7,549510 2,323000 O4V
5,819550 1,950510 G6VI
5,282090 2,061830 M4II
10,482030 8,032420 F5I
9,918480 10,254530 G3VI
10,253420 8,583980 G1IV
2,742840 6,091800 O0V
5,779760 5,646520 B1VI
10,341480 10,612000 O4V
10,400390 10,394020 O3V
5,005770 6,115390 O2V
6,421640 1,617300 K5III
10,046010 8,075230 M4VI
4,830360 5,872680 G6I
5,935220 6,175220 K2III
8,178180 2,160220 B2VI
4,549050 5,826790 O3I
4,168650 6,144630 A2I
9,912270 11,284600 VII
5,650230 6,022150 VII
10,316190 10,529290 A5V
7,009010 1,651990 F2IV
5,626450 6,128670 A3VI
5,935550 5,689650 M2III
4,309030 6,044770 M5I
9,879100 9,500440 G5II
8,339390 2,012080 B0II
10,297640 9,205960 G5II
7,717550 2,230840 G1V
7,021700 1,547360 VII
5,160640 5,524030 O7I
6,208810 5,443380 M1I
10,566350 8,825020 G7IV
9,980500 8,418140 O7V
3,676240 5,493210 VII
10,467690 8,403030 G3II
5,821780 1,539740 F5III
3,874020 6,211570 B6II
3,301950 5,465290 G1II
10,054360 9,985240 G9IV
5,712290 1,683600 G4VI
7,171900 1,981580 G0IV
10,436640 10,296010 B4I
5,513430 5,731930 M4IV
5,362510 5,378760 G1IV
8,048490 1,793920 O4V
10,225880 9,854310 K2V
6,958540 1,910070 O4V
6,548330 2,286130 G3IV
7,795870 1,801980 F3IV
7,011560 1,966440 O9V
10,258630 8,826330 M0I
9,799870 10,898700 K7I
7,371260 2,030360 B4VI
10,062490 11,536180 G1IV
4,855610 5,617380 F8II
10,009860 10,078730 K9VI
10,449620 10,816400 F5V
10,099850 9,826780 O1V
7,068820 1,642430 G8V
4,723920 6,243510 B1I
10,262420 7,851470 O2V
7,206020 2,165390 F7V
10,713760 10,333720 A4II
10,720920 11,633080 K7III
10,217270 10,060510 VII
6,002260 1,874910 O9V
10,534940 8,800360 G6V
10,383290 11,112880 VII
7,782740 2,035410 G2II
6,458480 1,947870 VII
6,804320 2,292040 K5III
6,091740 1,460240 F9II
2,514250 5,394820 O5V
7,462820 2,260410 G1V
6,878910 2,060530 A2I
10,461330 11,527180 M1III
10,402110 8,580370 B3II
6,296250 2,017020 O7V
7,113980 2,257180 K6III
10,114950 8,455370 B1II
4,694070 5,416370 G5VI
8,887560 1,562520 B0II
7,382370 2,279400 VII
2,319420 6,257330 G2IV
4,591830 5,902000 G8I
9,854030 11,608740 F2I
5,261770 5,417450 M0V
10,490280 8,469930 B6II
8,525670 1,511120 O2V
10,601420 8,118870 B0V
8,610060 2,057070 B8I
5,551120 6,006390 O4VI
4,713760 5,513820 VII
10,498450 11,401880 VII
9,984050 8,764490 A1II
8,442450 2,094460 A7II
10,667670 10,711620 K0III
9,013190 2,043720 VII
5,418340 2,315500 F2I
7,749090 1,830630 F7IV
8,793630 1,932800 G2IV
5,813720 1,839370 B8VI
9,990340 9,882340 G3I
5,458240 5,353240 K6III
10,619870 10,014820 G5II
9,173360 1,954540 A0I
5,890000 2,241050 O6I
5,644080 1,743940 B0II
10,259070 9,242720 G0IV
10,749940 8,855470 G0V
8,311540 1,903210 O2V
8,768970 1,512590 B9II
5,029520 5,469150 K5III
3,324540 5,582370 B7I
9,764080 8,737510 A6I
10,627090 10,281800 M3III
5,487450 5,984360 F1II
10,729120 9,820640 M5VI
4,754250 5,501140 K9III
10,268800 11,402860 F4I
10,090380 10,035220 B0IV
7,787830 2,209560 O7I
10,277130 8,037970 K6II
3,450240 6,012740 G2V
10,350490 11,338790 G7IV
9,787950 9,975840 M5II
5,562910 6,068650 O5V
4,117510 6,259930 K0III
9,921210 8,224530 K4III
9,909340 11,276690 A3I
10,217980 9,006670 O5V
5,573180 6,236130 G0III
10,352200 7,870200 O8III
8,832370 2,021790 G6IV
9,846170 8,258710 O7V
10,075520 8,010550 O9V
5,954140 1,799250 G5VI
2,429380 5,912880 G0I
10,586550 10,800240 K3VI
10,208990 10,444880 K1III
9,756490 11,229570 K1III
3,506470 6,275030 K2II
5,797940 1,644100 O9V
10,296050 8,639620 G0IV
10,173330 11,229640 K5I
10,569280 8,324460 A7I
10,034870 11,822750 K8III
9,847320 10,604610 O1V
10,071740 10,135620 K3III
5,841240 1,457270 B8I
5,563260 5,444710 K1III
9,802200 10,273970 G1IV
3,136790 5,853390 K3II
4,805420 5,982540 F4IV
8,593580 1,469190 G6I
8,226460 1,768130 M5I
10,170660 8,107370 F9VI
5,945320 1,438720 G9IV
2,308830 6,079440 B8VI
2,268190 6,132770 F9III
6,557600 2,146600 K8V
10,454870 10,414180 F8IV
9,954380 9,118270 G4III
3,593310 6,047860 G8IV
6,155950 2,026160 F0V
8,958010 1,348070 F2I
10,605770 9,232730 K9I
6,348740 1,939120 K3V
9,753480 8,195950 G6I
2,448360 6,336340 O9V
6,044020 5,532060 O9V
6,959150 1,910420 A6II
9,756950 10,344800 M3I
10,136750 11,517890 O9I
8,095380 1,668010 M3I
3,265740 5,564150 VII
7,564050 1,867640 G9V
2,299220 5,424430 O9V
5,829610 1,522050 VII
10,273470 8,521050 M2VI
6,374920 1,899140 O6V
5,575330 5,704140 K6V
10,507040 8,231210 B0I
7,454610 1,422360 A4II
10,460950 9,878540 K9III
3,267700 5,968650 VII
10,703870 10,092710 K7III
10,011200 8,571490 G7I
8,651900 2,015970 G4VI
6,898350 2,235870 A4II
3,897970 5,805640 B2II
3,423130 6,278040 G8VI
10,449410 10,145350 F2II
8,465030 2,094570 B7V
9,984540 9,375860 B6VI
10,641130 9,966460 VII
10,123270 9,771310 O7V
10,399340 11,349350 B3VI
7,916020 1,620390 G4IV
9,967270 8,836260 O4V
8,097410 1,475520 B6VI
4,877800 6,176520 O8I
2,759820 6,147310 B6VI
7,731560 1,917660 M5III
10,100790 8,912740 K9III
5,519330 2,064200 M1V
10,451630 8,290580 A8III
6,353270 1,861600 K9III
10,708880 8,928200 F3V
9,776060 11,246270 VII
7,948320 1,572530 VII
10,680630 10,067730 K7III
8,807570 1,407100 M4VI
10,021770 8,878960 O5I
10,586170 9,419010 K3III
10,124380 11,004530 O2V
9,803570 9,583730 O8V
6,188440 6,267080 O5V
10,589610 9,808330 VII
5,893500 1,428260 G6IV
8,490380 1,727540 K7IV
10,377250 8,011240 K8I
6,214260 1,891710 K7III
10,027280 10,033610 O9V
5,603430 5,760650 G1IV
10,135270 9,773780 K2II
10,196110 8,744600 B6VI
8,765710 1,945150 G9IV
10,249920 9,179670 G8IV
9,783130 8,276190 K5III
6,890780 1,835550 O8V
9,000740 1,533360 M3IV
10,018420 8,327560 VII
9,753920 8,315550 F4IV
2,870970 5,709780 K2III
6,504080 2,201550 A4IV
6,441800 1,730310 VII
9,992950 9,605830 M3V
5,795490 1,430250 B7II
9,125170 2,180760 B9VI
6,371780 1,943430 K6V
3,007140 6,332310 G9VI
8,165010 1,896760 K0I
10,295050 8,654130 F5II
2,262470 5,785690 M4I
5,052570 6,180490 G4VI
3,912200 5,484350 A7I
5,604440 1,481190 F8II
7,397120 1,638210 VII
6,129100 1,717920 VII
6,032580 1,361740 B4I
4,340050 5,940930 O6V
5,643980 6,314580 F1IV
2,562260 5,404470 M0V
7,406230 1,354420 F5IV
8,992280 1,450950 M0III
6,072750 1,627310 VII
10,270770 7,891490 O2I
3,207640 5,727730 K5VI
4,911830 5,714730 F9II
5,939310 5,605370 G4IV
9,881440 11,014100 O5V
10,266580 11,457000 VII
8,741880 1,905860 K1V
8,546460 1,360710 O4I
8,758570 1,724240 O2V
4,915840 5,574690 O3VI
6,445600 1,813580 G0VI
6,704260 1,526710 VII
10,426840 10,097380 B2VI
9,915800 11,183700 VII
2,843960 6,228520 K3III
5,349530 2,282950 A9II
4,209950 6,326600 K3III
6,173150 1,963140 O6V
10,665360 11,779560 O2I
8,118980 1,973630 K4VI
6,011380 1,483470 A4II
10,310850 10,639590 K5V
10,538310 11,468190 VII
6,650180 1,827120 G9IV
8,627650 1,805960 K9III
4,549800 6,027710 O5V
10,575670 10,070190 O9I
8,040530 2,288520 O7V
3,631710 5,930550 G5IV
5,819110 6,197040 K4I
10,030480 8,839160 M2VI
9,972470 11,086820 G4I
7,238490 2,237700 VII
9,817540 10,371000 A4II
8,793870 1,823740 VII
10,740370 11,286700 O5V
2,453160 5,908150 VII
6,548460 1,777030 K4I
9,805120 10,937310 VII
3,257880 5,723970 G7I
9,846030 10,758830 O8V
5,749270 5,688570 K3VI
3,231750 5,435700 M5I
10,598880 9,923830 M2III
10,041400 9,743130 K6II
8,158080 1,492770 O5I
4,204480 6,069250 B7I
6,350730 1,753940 K5I
9,128280 1,438620 M3III
9,890140 11,040430 VII
10,060950 8,289080 G9V
2,956620 6,307170 M0I
6,148740 2,237960 O4V
3,343500 6,120360 B2VI
5,106060 5,822940 A4II
2,618070 5,721780 B0II
10,239440 11,022560 K4V
9,771370 10,308100 G1I
3,280600 5,503130 M3II
10,415990 10,710430 O5I
9,939470 11,236280 G9VI
10,301090 10,094960 O5V
5,016720 5,782970 O6V
9,765440 10,700790 G3IV
5,840410 1,830000 VII
9,852670 10,226930 K5III
9,793150 9,856990 VII
8,480480 2,197840 F2III
5,112570 6,302780 O5III
2,500760 5,882400 VII
10,251350 10,057450 G3IV
10,295650 10,739260 K1II
3,639200 6,047830 K3II
9,774180 9,785800 O5V
10,377850 11,095760 M4I
10,598650 9,126690 A9I
5,709010 2,019860 A2VI
10,387770 8,408290 A8II
10,184050 9,010560 K8III
6,011250 1,818980 G2V
3,669300 5,649390 A6II
9,820390 9,328850 F7I
7,342060 2,154140 K1VI
9,163280 2,167210 A3III
5,755740 1,341220 O3V
8,565610 1,566030 G2VI
10,671680 8,207090 M5VI
3,557470 5,786970 K8III
9,181210 1,529460 K8III
10,078290 9,736670 G4IV
8,307190 2,315530 G5III
10,575750 9,644210 M0IV
7,303140 2,257950 G1IV
10,538890 10,737920 VII
3,146930 5,918830 G2IV
9,774330 7,942500 O7V
10,097520 8,480120 VII
5,218360 6,115190 G9III
10,312470 10,156550 G6IV
3,642880 5,385310 F9I
10,030380 11,297350 K0VI
6,315440 1,554180 K8II
3,647710 6,226590 K4III
10,475860 11,112080 O7V
10,000520 9,883910 K9III
10,061180 11,536630 F9III
8,547270 2,278160 G5II
2,924250 5,446810 G4I
9,856270 9,678950 O6I
2,807900 5,734950 VII
9,850760 10,321710 B5II
9,924870 8,186950 F2II
3,289800 5,461870 G7I
10,035140 7,935200 K3VI
9,841200 11,455990 O7VI
10,673810 11,820200 G0VI
3,028050 5,788280 K5V
7,250720 1,462960 M5III
7,276410 2,327070 O6VI
4,622720 5,553240 K8III
10,661830 11,397390 M3II
4,346330 5,806970 B5VI
5,563110 6,100490 VII
6,325300 2,083150 O6I
10,181990 11,329100 VII
6,896140 1,776580 A0IV
7,238140 2,198680 A0I
10,508200 8,821080 F1VI
4,767470 5,390360 A7V
3,234890 5,578480 O9I
10,490030 8,419780 G3VI
2,508490 6,190320 O6V
10,089380 11,632730 G5IV
4,236860 6,264700 O7VI
7,026620 1,828720 VII
4,057460 5,619830 G4II
6,234990 5,745350 K2III
7,817430 2,323090 VII
9,768040 9,954380 O5VI
7,673050 1,968000 B4VI
6,947620 1,929820 K5V
10,374600 9,835010 K5VI
5,554250 5,831100 VII
10,186040 8,685340 M3III
9,788900 9,355600 K7I
2,292260 5,461580 G1IV
9,758200 11,356880 M4I
9,841850 8,917410 O5V
9,943400 11,366750 K4III
7,019140 2,064690 G3II
9,972980 8,069720 O7V
7,026090 2,197010 G0III
8,256010 2,240670 M1VI
6,915120 2,041810 M0V
9,909440 8,780510 O9V
10,409300 11,124420 VII
7,684410 1,854890 G5II
7,118170 2,035130 A2IV
10,195110 11,392690 M2VI
6,543090 1,586500 F0I
10,000330 11,793700 G9I
10,291630 8,098270 O6V
7,725610 1,872010 O4V
7,699180 1,690200 G5IV
6,416680 1,733720 G1IV
10,174500 11,336510 K1III
3,085670 5,405430 F8I
9,179000 1,691350 K7III
8,188540 1,619930 B7VI
5,732670 1,932670 M2I
7,996010 2,085360 A1III
10,390540 11,071420 K8III
3,507130 6,203880 K1II
9,854620 11,259700 O3V
8,410700 1,619720 VII
10,600740 10,372100 O2III
10,505250 11,761690 K5II
10,462580 8,305760 A8IV
9,973680 11,287750 O4V
10,708830 9,454080 M2I
5,618340 5,806080 F5IV
10,297010 11,003520 O5I
9,922130 10,093730 M3VI
9,838710 9,725190 A6II
10,643060 9,483130 O3V
7,306870 1,887890 VII
7,162260 2,057020 VII
9,979240 10,192770 B6VI
10,460500 9,266900 G9VI
5,630430 1,868540 A9V
9,836040 9,648340 B5I
3,103630 5,632650 G5I
10,395870 9,042120 B4II
5,743670 1,715590 B7VI
10,474780 9,518870 M4IV
10,002100 8,658960 K7III
7,246900 1,668800 VII
7,992950 1,829360 G0VI
2,800240 5,819650 B3VI
9,939190 11,480740 VII
5,569490 1,425660 K8III
7,672090 2,274080 A4II
10,314320 7,960870 M1V
6,256360 1,472660 O6VI
4,958100 5,548060 A6II
10,471240 8,252140 K9III
10,096420 10,751290 VII
10,719320 9,926040 O5I
7,478700 2,002630 K2III
9,241390 2,328790 O9V
5,776070 1,736790 VII
3,552570 5,755790 G5II
10,544070 11,412570 M0I
10,436320 11,745120 O3V
5,307020 5,718020 VII
2,505870 5,851250 O2V
3,743140 6,235780 A2V
6,961600 2,126710 A8VI
10,543340 10,889530 VII
4,361890 6,008480 O6V
5,827060 5,686520 M4I
9,873510 11,479970 VII
5,091730 6,018800 O6I
10,202100 9,938000 G7IV
10,166350 9,458610 O4V
8,372730 1,828190 F1IV
10,208500 7,848560 G6III
6,137200 2,303950 O8V
7,800870 1,659130 A5I
3,264840 6,050360 K8III
9,978940 11,086070 K5III
7,621450 2,061120 F6II
9,011790 1,856340 K1V
10,054650 8,315710 A5VI
10,160890 9,603050 F9II
8,420100 1,512430 A0I
9,930900 10,737210 VII
6,385320 1,885900 M3VI
10,647300 11,678450 VII
2,321870 5,869370 A8II
10,078180 9,789240 A8I
7,680430 1,714980 VII
5,284920 1,391130 K6VI
4,647710 5,729270 M1II
7,031870 2,336170 M4V
9,857960 8,479340 G2IV
7,239940 1,995540 M4I
9,899200 8,476140 O2III
4,422390 6,038690 F8I
5,489180 1,873910 K9I
10,172550 8,955580 VII
6,787860 1,369540 K8II
7,706360 1,991120 K9III
10,511810 8,422610 K5IV
7,513390 1,620580 F1II
9,910740 8,543300 G8III
3,358590 6,332830 O4I
10,662430 9,921830 VII
10,536690 10,099030 K1III
6,033230 1,826910 VII
10,436160 8,399910 G7III
3,782000 5,677790 B4VI
10,627290 10,243050 VII
6,485320 1,800830 B4IV
5,166590 5,944500 G6IV
9,930950 8,474190 A2II
10,519640 8,386990 F8III
10,519130 9,540530 B8VI
10,287970 9,006770 VII
10,564510 8,586180 G5IV
8,480830 2,327650 VII
2,485470 6,172810 A5IV
5,644930 1,971610 G8I
6,662050 1,691160 B7VI
10,542270 9,927590 M5VI
5,456060 6,046280 VII
6,325810 2,281450 K7II
10,174050 7,881090 B2VI
9,792580 9,863810 G6IV
10,034380 10,680260 M4III
7,655720 1,446060 G3IV
6,367190 1,761200 K9I
10,178020 8,118430 O1V
2,463140 6,175940 K7III
10,114420 10,180470 B9VI
10,094340 11,029470 VII
10,302790 7,867550 O2V
8,537350 1,939760 VII
8,171600 2,275490 O5V
2,281530 5,375020 A1III
8,306060 2,207490 K0II
7,882170 1,954760 G9IV
10,471980 7,891430 G2IV
9,946260 10,573280 F9II
5,926440 1,630380 A7II
2,638500 6,054920 B7VI
4,171790 6,183230 F4IV
4,392310 5,643960 M2V
7,135990 1,821590 A1I
10,064090 8,746280 B6V
2,329070 5,461600 G2III
7,934020 1,756460 K8II
5,713480 1,406950 O8V
10,054870 8,011230 F8V
9,950710 10,600630 K1V
6,673240 1,710530 K0I
10,667540 8,571670 F6IV
5,681990 2,183490 F0V
10,192040 9,546270 M5I
7,487230 1,675110 G1IV
9,795900 11,090350 G3II
5,506240 1,680280 K5VI
10,446850 11,006270 K9III
5,277780 2,081140 M3III
10,139930 10,526480 G1IV
5,759850 5,383760 O8V
4,829900 6,295670 B5III
9,908290 8,413500 F2V
6,653510 1,343390 O2V
10,196020 8,352320 G4I
7,632820 2,296130 G7III
2,362000 5,988290 G3IV
10,535890 10,042630 VII
5,511910 5,894860 G8II
10,329420 11,225700 VII
8,974680 2,336600 K1III
8,663280 2,306100 F5I
2,493590 6,225610 G0IV
3,966360 6,112880 B3VI
8,725330 1,474640 G4IV
5,461700 5,498650 VII
10,340660 9,345670 VII
10,620560 11,256840 K8III
10,429850 11,228080 A1II
4,345990 5,933030 B4VI
5,942720 6,050020 O0V
10,722050 9,728180 O3V
9,993470 10,766280 O4V
7,834820 1,496760 F2IV
5,431950 2,026920 A4I
3,794220 6,304260 O9VI
5,437730 5,785820 G5V
6,170660 1,635700 B2VI
9,823920 9,329030 B4III
3,241750 5,379710 K2II
10,725290 11,293280 VII
3,397250 5,605330 A4II
5,589570 5,984190 B8VI
9,085550 1,627900 G8IV
8,414050 2,333050 G7IV
7,166960 2,203630 G0IV
9,852180 11,812430 G3IV
7,621030 1,772110 G5III
10,004320 9,658680 G4II
3,001540 5,783750 G3II
7,402630 2,178210 G0IV
8,868370 2,264760 VII
8,672780 2,328870 G9II
7,065740 1,517410 O8V
5,957640 5,752840 K6IV
9,950070 10,137580 M1V
8,792540 1,968670 K7III
3,481640 5,906170 O6V
10,330450 8,371790 K9III
10,570020 8,377130 B9VI
3,683710 5,770960 F1I
7,145130 1,962770 K8III
5,034810 6,025060 K8V
5,690840 1,640160 G6IV
9,950170 11,835570 O5I
10,445470 10,909600 G3IV
9,844650 10,577310 G9I
6,835570 1,854560 VII
3,433000 5,537490 B5VI
4,253970 5,898920 F4VI
6,430870 2,056470 M1VI
10,441840 10,896500 K9VI
8,819370 2,166190 M4V
7,724000 1,576760 VII
10,137720 9,229200 B2VI
4,053830 5,610370 G8II
5,089460 5,668670 A7V
5,350710 2,144840 M4III
10,470360 10,763500 G4IV
8,020560 2,173050 F5IV
9,952940 8,516260 K9III
2,507930 5,876430 G5IV
8,832820 1,893260 VII
9,934680 10,473610 K0III
9,954550 9,564970 B7III
3,893740 6,293870 A3I
9,956970 9,912360 VII
10,497810 10,508360 M2V
7,785250 1,630260 M4V
5,185730 5,441850 K3III
8,535510 1,395580 VII
6,585570 2,090160 M5V
7,914570 1,641980 M5V
8,241940 1,928860 G9II
3,721040 5,571470 M0III
2,411460 5,567160 O9I
5,295670 2,258370 B5II
7,543890 1,406180 G0II
6,243410 6,302570 G0I
5,202840 5,955930 VII
2,613050 5,793630 VII
6,648180 1,865570 K9II
6,663740 1,787230 VII
10,626840 8,981810 K9III
10,081370 10,029910 O5V
9,990320 11,096390 M0I
10,027080 10,499540 B5I
5,403060 1,660950 VII
7,446140 2,068080 G3V
9,947890 10,851010 O7VI
9,967730 8,090460 VII
5,807060 5,570170 M3II
7,605010 1,864880 VII
6,614760 2,066540 VII
10,155260 10,062620 F2I
5,215140 5,501780 B7VI
10,104690 10,310920 M1I
3,351970 6,258200 O7V
10,238730 8,196050 G0I
10,105620 7,915050 G3VI
8,664560 1,452600 VII
2,910540 5,870670 K6III
8,291780 1,932070 K4V
9,999170 11,321540 G9II
3,557130 5,687590 B1VI
10,225570 8,346920 VII
7,722720 1,754650 B6VI
3,520320 5,452370 O8V
5,541910 1,667720 VII
2,647340 6,041040 G4IV
9,769790 10,137340 M3II
10,299790 11,316890 VII
10,069700 8,172300 G0I
5,414180 1,708950 M1V
4,195590 5,797130 G6III
3,189090 6,151320 B9VI
7,396260 2,268390 O1V
6,609220 2,039440 O7I
10,214690 11,009910 A8II
7,742090 1,536180 M1VI
2,516950 5,618460 K1II
10,528960 10,860930 G5IV
4,532490 6,110230 G0I
7,583960 2,321670 B4I
6,148040 5,938870 B7VI
6,575950 2,134880 B6VI
2,418940 6,139160 O2VI
4,768930 5,862520 O8V
5,669140 2,013140 VII
5,139980 5,462570 K7III
10,102970 9,763420 O9I
5,329450 5,996760 A9I
10,355610 9,278440 B4III
9,194920 1,806560 K6III
7,617760 1,531570 VII
8,447830 2,073760 B3VI
9,938130 9,618170 O7VI
6,484020 1,860730 O8V
4,199200 5,955530 F3I
10,209400 11,158120 K2III
10,655800 11,560820 M1I
8,828900 1,995610 O6V
7,243430 1,884930 G1III
10,624920 10,850690 G7IV
9,023870 2,188950 A1III
10,500690 9,392080 F3IV
3,482760 5,728400 K1VI
6,893490 1,831690 B7VI
4,493790 6,153030 K2I
9,056790 1,540480 B8VI
10,141990 8,103300 M2V
7,821560 1,345710 G5IV
2,321870 5,783650 O9I
6,236990 5,571950 B6VI
7,063360 1,654110 VII
10,300810 8,326810 O7VI
2,564190 6,040560 G2IV
6,451430 1,904540 B9VI
5,142750 6,303530 M5I
5,797910 1,706930 O9I
10,155760 9,912920 K3III
10,319750 8,480400 VII
6,712250 1,581580 B7II
10,528100 9,009540 VII
3,446590 6,132810 K8III
10,618840 8,255120 K5III
9,776410 8,909310 G0V
10,366260 8,455520 A3I
5,344910 2,210430 A9II
6,046860 1,682130 K7III
6,023730 1,939790 B5I
6,534830 1,785130 O6V
7,491970 1,883270 A3II
9,769380 11,397630 M2VI
2,872740 5,464860 VII
2,538750 6,219790 O6I
9,766040 8,704640 K0II
10,043440 7,847740 G8VI
7,825470 1,905330 M5VI
2,314480 5,776910 K9III
4,168890 5,687860 M3V
3,936130 6,182690 G8IV
10,693520 8,352850 K3I
3,381030 6,331420 B4VI
10,677170 10,162290 O2V
8,656320 1,945300 F4II
10,270670 11,339330 VII
8,971380 1,878090 O1V
10,737350 10,119980 B7VI
10,117420 8,319660 M1V
7,063560 2,170050 VII
10,139350 11,292700 A4V
10,115010 10,110040 B2III
7,511410 1,586880 M2VI
5,656220 5,426390 O6V
6,427410 1,414180 M4I
8,983060 1,460120 A5I
10,455290 8,464020 F7II
10,476430 9,928980 O0V
6,040460 6,055190 VII
6,126690 1,504970 M0IV
6,110730 2,199030 O3V
8,054040 1,905020 VII
6,953940 1,429670 M0VI
9,992450 8,086250 VII
10,309330 9,109520 K5III
8,575040 2,321610 O0V
5,920060 5,733390 O6I
3,751610 5,662010 B0II
9,987590 9,658800 B6IV
7,985390 1,755470 K2III
6,791960 1,351040 K6IV
9,822500 9,848450 M3III
3,161000 5,761590 K0III
10,365460 9,166720 B5IV
6,340120 1,846720 F1IV
8,250010 1,807290 O2V
9,960200 9,944400 F1I
9,948030 11,561490 M0V
6,348320 2,234610 G7I
7,168760 1,459960 VII
7,528390 2,291130 VII
5,554630 2,285940 B7VI
7,577930 1,554880 B2II
10,532710 9,311890 G8IV
7,096380 2,161470 A1I
8,942130 2,229150 K7III
6,626000 2,077530 M5II
9,974860 9,432930 O6V
8,735940 2,270010 G2VI
10,026540 8,248460 K4II
6,392180 1,932820 K2III
2,885290 5,355120 G7VI
9,938020 10,129360 G5IV
6,435290 2,288010 VII
3,317700 5,704330 B9VI
10,146220 8,073330 O5V
10,651260 9,609960 O4V
3,354670 5,600720 A2II
5,308540 5,663520 A7II
9,978550 10,981400 K7VI
2,299490 5,983380 VII
9,769030 8,352660 VII
7,827300 1,906440 G3II
10,720280 10,510170 O6V
2,563540 5,426930 M2V
10,303320 10,396610 F4I
7,621130 1,563050 M4V
3,795330 5,637240 B1VI
3,483180 6,135340 M5III
3,698000 5,722320 F2I
10,022030 9,590600 B9VI
10,353410 11,249720 O3V
3,095490 5,948450 G7II
5,737880 5,885230 VII
10,364150 10,989400 A7I
10,144510 9,889980 VII
9,022520 1,834250 G6IV
4,053850 5,431570 M0VI
7,708310 1,525650 B9IV
2,430530 5,851920 B2I
10,506340 8,302910 K6VI
10,423100 11,743030 G8III
9,843810 8,156450 G3III
10,541980 8,359660 K7III
10,724120 9,296220 VII
5,952770 1,758990 K4I
10,682320 8,087590 G1IV
2,397520 5,937020 K1II
3,842270 5,557670 G4III
10,473310 8,822250 K4VI
10,082980 10,916420 O3V
10,323420 11,738980 G0II
3,351410 5,691020 VII
10,693390 10,402060 VII
10,743650 8,970840 VII
10,635390 11,483320 G4III
6,334950 1,436810 O0V
4,632400 5,964870 F8IV
10,583490 11,819730 VII
6,112400 2,097940 VII
10,515880 8,716960 O9V
5,480180 1,344720 G0II
3,515200 5,570150 K0III
9,829670 7,935020 G7IV
10,177550 8,839640 K2III
3,441400 5,689980 K3VI
9,810370 9,351380 K1III
6,532130 1,374210 F0I
8,527880 2,085940 F6II
5,732130 2,168250 K8III
9,911530 11,278960 K7II
6,455290 1,859470 K1III
10,046130 11,403950 VII
10,471690 8,838890 O5V
9,918030 11,211860 M1I
10,243590 8,773090 M0III
10,253530 8,455690 O9V
6,996790 2,301130 K3V
9,812830 10,397350 K5III
10,622440 8,562040 VII
9,795930 7,872550 F1I
10,189690 11,141200 M4V
5,870270 6,249640 G3IV
8,418390 1,857080 M3II
7,324580 1,904220 VII
10,371810 8,028830 VII
10,669690 8,538150 VII
10,461640 9,175790 K0III
10,599900 10,804740 B1I
8,929540 2,117910 G8I
10,662240 10,430800 K6III
7,209200 1,735330 B2II
8,802900 2,104070 K5I
5,464920 1,453690 G6VI
7,199370 2,246080 F9IV
9,886820 11,599870 K0V
10,430670 8,048130 VII
3,943860 6,199460 G7III
10,282560 10,617620 B8VI
7,056480 1,557010 K0III
7,771130 1,382380 B3I
9,914890 9,920450 VII
3,327730 5,733060 M1II
9,194970 1,388710 VII
6,620500 1,809340 M4II
10,595260 10,669800 G3V
7,533510 2,321720 G6IV
6,420670 2,029530 A5VI
6,372450 2,221220 B6VI
3,731620 6,118210 M0VI
5,596180 5,806620 G4VI
10,721280 11,010250 B3VI
5,219420 5,789080 M1VI
8,661230 2,331070 G1IV
5,273170 1,552300 G7IV
7,019460 1,940660 B5VI
10,447850 9,542760 A0IV
5,552710 1,782160 K7III
6,243810 5,712760 M4II
8,655070 2,202110 G9IV
10,389540 9,443240 G2IV
10,036600 10,785760 O7V
9,924180 11,066730 G1II
6,504450 1,471800 O3III
8,756440 2,031000 M2V
5,959710 5,341540 M3V
9,901920 10,474990 F4II
10,658870 9,508550 O6I
10,288370 9,116440 VII
10,669700 11,074400 M0VI
5,277200 1,885740 VII
5,716090 5,876030 VII
10,137130 9,681300 M3VI
8,757540 2,179630 O8I
7,115470 2,271840 B0VI
3,444680 5,647690 B1III
9,049420 1,609740 K0I
5,660140 6,277990 O3VI
7,543630 1,887960 A8V
10,179680 9,341890 O8V
5,569530 1,569110 VII
7,592940 1,439470 K5V
7,285080 1,462430 G1II
10,055320 10,462280 K2I
7,811140 1,522330 A2II
10,020690 8,209890 G6IV
8,427750 2,325240 K4III
4,102030 5,924170 K3V
10,550210 11,295810 B9VI
5,258680 6,304010 B3VI
7,202040 2,083300 G6I
8,205780 1,692580 M0II
9,885940 8,243790 K1II
10,181130 8,395760 K7III
5,644680 2,188310 G2IV
9,875120 8,216180 K0III
9,827800 9,541580 VII
5,710730 6,011310 M5II
2,963850 6,242230 VII
4,501160 5,585580 M1II
2,992070 6,000290 K3I
10,325000 10,828530 G1III
9,788230 9,915410 VII
2,307590 5,882140 G1IV
10,492470 10,712840 M2V
8,396690 1,883670 M0III
10,346220 7,916500 B3II
6,628120 1,590150 VII
2,281160 5,441650 A7I
10,295830 8,414880 K6I
10,489730 10,460730 O4V
7,588460 1,868850 G6I
10,591520 9,688500 K9II
10,682200 8,997350 B2VI
3,698480 6,266700 O6V
10,158100 10,436680 G9III
7,800180 2,076320 A8VI
5,271230 1,813470 B3I
3,678180 5,484490 F2V
3,974600 5,846850 K6III
9,970180 9,783170 VII
7,616450 1,388720 G8IV
10,087880 9,281260 G4IV
10,348980 10,359990 G4IV
10,286220 9,280730 VII
8,062820 2,238360 VII
10,432860 11,141380 G2III
10,006580 9,294310 K2III
7,763350 2,317280 O7V
5,782550 6,327500 F2IV
10,226430 8,775950 F1IV
10,154180 10,954510 A8IV
7,934950 2,014430 F5I
6,294560 2,169810 O9V
10,001830 9,919610 F6VI
10,432700 9,462230 VII
6,837990 1,782990 VII
7,847660 2,158690 B1I
9,771470 8,499740 G7IV
10,543030 9,759660 F6VI
9,785720 9,994430 A1I
9,985920 9,605380 K8II
7,070760 1,428340 B6VI
8,664280 1,786410 O4V
7,277170 1,342730 B0III
3,141910 5,722020 K0VI
5,687030 2,074910 VII
10,395170 8,953170 G5II
8,474880 1,447880 M3I
2,749530 6,006190 G3IV
7,697250 2,125730 B7VI
2,495310 5,342270 M2VI
5,813620 6,207720 O3V
10,099840 9,146180 K1III
5,029410 6,098680 F1V
10,279260 8,417700 G1IV
10,162730 9,304900 G5VI
2,493070 5,984470 G3VI
10,282200 11,361580 M3VI
3,870990 5,971090 F8IV
7,610080 1,783220 VII
8,442690 1,844310 K0III
7,860740 1,595170 B6IV
5,373570 5,367570 G1IV
5,990550 6,299360 K2III
9,865880 11,411060 M1II
3,788930 5,795920 VII
5,784410 6,252580 A4II
6,972830 2,043550 K4I
3,215870 5,508130 F7II
10,619050 8,625580 G9IV
10,360760 11,762180 G7II
10,038530 11,186610 G5IV
10,262290 10,863290 B8V
7,930980 1,459930 G1IV
10,742080 8,655640 A5III
9,832780 8,402920 O6I
4,826650 5,910290 M3V
4,887790 6,016760 F6II
5,395090 5,527260 M3III
5,135430 5,961340 VII
2,810890 5,611180 A6I
7,877810 2,041360 F2I
6,017870 5,435420 VII
10,330150 9,804060 F0I
2,357770 5,601080 M1I
3,814830 5,620800 M0VI
3,372930 5,758530 F0I
6,168700 5,691190 K5III
9,187510 2,042660 VII
10,381450 9,452990 K2VI
5,652020 1,604370 K9I
8,044660 1,941930 VII
9,761430 9,213900 O7VI
2,782710 5,855450 O4VI
6,945720 1,348430 F1VI
10,404760 9,675940 M1IV
9,817650 9,862760 A5III
2,346490 6,230870 F2IV
10,006500 11,064160 O3VI
3,479010 6,282870 G4IV
10,443460 8,219460 O6V
10,671090 9,385690 VII
6,296120 1,449260 K3IV
10,575390 9,884850 O9VI
6,466520 1,837430 M1III
10,695620 10,288350 F3V
2,368160 6,115650 O6V
9,843580 10,960080 K3III
10,077450 9,980570 O6V
8,713670 2,078960 VII
10,712600 10,353800 K4V
3,656560 5,357470 A2II
9,755860 8,312470 G6IV
10,104870 9,658830 M0IV
5,075140 6,266900 B2I
9,221500 1,722910 G1III
8,246080 1,871250 VII
9,773480 9,068890 G9VI
10,425560 11,655940 K7VI
10,136990 9,187390 B1I
3,328590 6,102610 O3VI
4,283980 5,653770 B5VI
10,319660 9,810230 F4IV
9,019640 2,207130 VII
9,869530 11,026790 K2V
5,546780 5,895330 VII
4,204790 5,677600 G4III
4,066080 5,458910 F8II
5,429860 5,540340 G0V
7,009110 1,737940 A7II
8,949430 1,517360 VII
5,533460 5,662870 G5VI
8,107260 2,041140 G7IV
9,961670 9,846410 O7V
2,955860 5,831560 B0II
10,452730 8,482910 M4III
10,723940 11,184940 O2V
2,630250 5,724380 M1I
10,384800 11,612730 VII
5,987150 5,512940 M1II
7,261860 1,882830 VII
10,154230 10,454810 O8V
5,036980 5,544120 G4II
4,559390 5,826440 G5IV
8,533060 1,559850 VII
6,283770 1,376710 VII
9,858200 7,978990 G5III
7,315540 2,068930 B8VI
2,542220 5,707400 K6III
5,513930 1,505530 K8IV
10,607310 11,120750 G1VI
6,138850 2,092540 VII
9,987160 7,886370 G6VI
2,701240 5,357000 K7VI
3,476970 5,443260 G2IV
5,607490 1,680460 VII
10,029300 11,394650 O4III
9,773000 11,033310 G8IV
9,881860 8,997350 O4VI
10,605870 7,883170 K6III
10,194340 9,506360 VII
9,993510 9,302480 A9I
2,877000 5,930870 A3III
5,599800 1,563000 M0II
4,305510 5,886490 K5III
5,065480 5,435880 A0I
10,619160 10,405870 O2III
10,565170 11,045570 VII
3,764420 5,422440 K7III
8,473410 2,217390 VII
9,864570 10,627530 O8I
10,254500 8,461570 B9I
10,506850 7,881920 VII
3,604320 6,019580 G4VI
2,486240 5,752960 VII
10,632470 11,602540 G8V
8,169700 2,111240 O3V
3,595510 5,767650 K6III
4,023280 5,409750 B8VI
10,311380 8,264280 B6VI
4,712940 6,013850 B1V
5,886030 6,288140 K2III
8,419520 2,032250 B2II
10,480160 9,939690 VII
10,161670 9,766760 M4VI
6,329580 2,097660 G6IV
10,589150 8,039440 G6II
3,887790 6,022560 F8IV
10,550920 8,009600 VII
8,291840 1,393570 VII
5,327070 1,598970 G4VI
10,656380 8,559680 G8IV
10,422140 8,636140 O2V
6,319130 1,834020 VII
10,435590 11,825900 A6II
5,536600 1,596300 G4VI
9,752280 10,779190 G2IV
2,328750 5,930460 O0V
4,103470 5,778630 VII
9,863980 11,646400 K0I
5,738120 2,167730 B9VI
10,167690 9,772140 O9V
10,429910 10,035030 VII
5,667910 1,925170 G6II
10,018910 8,360040 G0IV
10,140050 8,596050 F8I
8,329390 1,723440 G3IV
9,999370 9,787770 VII
10,678650 11,135440 F8II
10,587100 9,882930 G7IV
5,854120 2,224910 M4V
8,467140 1,982550 G2III
2,926560 6,143440 G1V
5,819210 6,067670 G0II
10,605300 7,909110 VII
10,474350 8,159270 K4III
4,831520 6,182420 G2V
2,316460 5,954870 VII
9,848300 10,695660 A6I
7,199660 1,684120 VII
2,642920 6,234360 VII
5,931750 1,504340 K2III
7,203800 1,586860 VII
7,574340 1,769760 G0IV
2,611310 5,473400 M5I
10,188210 8,790280 O9I
10,265320 8,107050 K8III
10,593540 11,069040 B3VI
9,120870 1,838580 G1II
7,143310 1,521380 G2IV
5,851720 1,865720 VII
4,719890 5,523780 A1I
5,555830 6,046740 B7I
7,837830 1,419860 VII
7,925260 1,512180 A2I
10,620310 10,005790 B7IV
9,855490 9,913720 K7I
10,374260 11,602640 M3I
5,764080 2,016340 G5III
6,870420 1,652730 VII
10,533350 10,835880 VII
8,801560 2,275660 F8I
10,509340 10,468210 A3VI
8,106620 1,854460 F6II
9,993000 11,662040 K4V
6,336450 2,289010 M1I
4,289910 5,883260 O3VI
7,691100 1,555630 G1III
9,828660 10,583840 B0V
3,822700 6,283340 G8VI
10,009160 10,283340 K5III
10,102920 8,476970 K5III
4,412490 6,282690 O4I
4,442750 6,216430 A7II
7,645950 2,207600 G9IV
10,350290 9,607480 O3V
3,265890 5,891900 G1II
10,722300 8,743030 F4IV
7,689220 1,716620 G8V
5,382940 5,963840 G0I
10,043280 9,531560 K4III
2,760840 5,518130 O2V
4,400840 5,843860 K2II
9,933790 9,879520 O3V
10,734790 9,073130 A5I
6,121170 6,315510 VII
